{
 "cells": [
  {
   "cell_type": "markdown",
   "metadata": {},
   "source": [
    "### We study the Michaelis Menten Enzyme kinetics system with 4 species as defined by:\n",
    "\n",
    "$$\n",
    "\\begin{split}\n",
    "S + E &\\rightleftharpoons^{k_f}_{k_b} C \\hspace{20pt} \\text{Binding and unbinding of substrate S and enzyme E}\\\\\n",
    "C &\\rightarrow^{k_d} E + X \\hspace{20pt} \\text{Production of the product X by the complex C, \\textit{typically fast}} \\\\ \n",
    "X &\\rightarrow^{k_{2X}} \\emptyset\n",
    "\\end{split}\n",
    "$$"
   ]
  },
  {
   "cell_type": "code",
   "execution_count": 1,
   "metadata": {},
   "outputs": [],
   "source": [
    "push!(LOAD_PATH, \"../src/Achedmy/\")\n",
    "using Achedmy\n",
    "using Pkg\n",
    "using PyPlot\n",
    "using Catalyst\n",
    "using LinearAlgebra\n",
    "using DifferentialEquations\n",
    "using LaTeXStrings\n",
    "using Serialization"
   ]
  },
  {
   "cell_type": "code",
   "execution_count": 2,
   "metadata": {},
   "outputs": [
    {
     "data": {
      "text/latex": [
       "$$ \\begin{align*}\n",
       "\\mathrm{S} + \\mathrm{E} &\\xrightleftharpoons[k_{b}]{k_{f}} \\mathrm{C} \\\\\n",
       "\\mathrm{C} &\\xrightarrow{k_{d}} \\mathrm{E} + \\mathrm{X} \\\\\n",
       "\\mathrm{X} &\\xrightarrow{k_{2X}} \\varnothing \\\\\n",
       "\\mathrm{S} &\\xrightarrow{k_{2S}} \\varnothing  \n",
       " \\end{align*}\n",
       " $$"
      ],
      "text/plain": [
       "\u001b[0m\u001b[1mModel ##ReactionSystem#235\u001b[22m\n",
       "\u001b[0m\u001b[1mStates (4):\u001b[22m\n",
       "  S(t) [defaults to 1.0]\n",
       "  E(t) [defaults to 0.9]\n",
       "  C(t) [defaults to 0.1]\n",
       "  X(t) [defaults to 0.1]\n",
       "\u001b[0m\u001b[1mParameters (5):\u001b[22m\n",
       "  k_f [defaults to 1.0]\n",
       "  k_b [defaults to 0.1]\n",
       "  k_d [defaults to 1.0]\n",
       "  k_2X [defaults to 2.0]\n",
       "⋮"
      ]
     },
     "metadata": {},
     "output_type": "display_data"
    }
   ],
   "source": [
    "enzyme_system = @reaction_network begin\n",
    "    @species S(t) = 1. E(t) = 0.9 C(t) = 0.1 X(t) = 0.1 \n",
    "    @parameters k_f = 1. k_b = 0.1 k_d = 1. k_2X = 2. k_2S = .001\n",
    "   (k_f,k_b), S + E <--> C\n",
    "   (k_d), C --> E + X\n",
    "   (k_2X), X --> 0\n",
    "   (k_2S), S --> 0\n",
    "end"
   ]
  },
  {
   "cell_type": "markdown",
   "metadata": {},
   "source": [
    "Graph(enzyme_system)"
   ]
  },
  {
   "cell_type": "markdown",
   "metadata": {},
   "source": [
    "### Insert some Gillespie time traces with code here!"
   ]
  },
  {
   "cell_type": "code",
   "execution_count": 3,
   "metadata": {},
   "outputs": [
    {
     "data": {
      "text/plain": [
       "0.5"
      ]
     },
     "metadata": {},
     "output_type": "display_data"
    }
   ],
   "source": [
    "#Parameters simulation\n",
    "tstart= 0.\n",
    "tmax = 1.75\n",
    "atol = 1e-3 #decrease this value to increase the accuracy of the simulation (components smaller than this get rejected!)\n",
    "rtol = 1e-2\n",
    "k_max = 12 #Maximum order of the adaptive time stepper\n",
    "dtmax = 0.1\n",
    "dtini = 1e-5 #Minimum time step size!\n",
    "Γ = 0.9\n",
    "qmax = 5\n",
    "qmin = 0.5"
   ]
  },
  {
   "cell_type": "code",
   "execution_count": 4,
   "metadata": {},
   "outputs": [
    {
     "name": "stdout",
     "output_type": "stream",
     "text": [
      "[0.1, 1.0, 10.0, 100.0]\n"
     ]
    }
   ],
   "source": [
    "alpha_range = exp10.(range(-1, stop=2, length=4))\n",
    "println(alpha_range)"
   ]
  },
  {
   "cell_type": "code",
   "execution_count": 5,
   "metadata": {},
   "outputs": [
    {
     "name": "stdout",
     "output_type": "stream",
     "text": [
      "t: 0.0\n",
      "2 Χ = [0.0 -0.0; 0.0 -4.9999999999999996e-5]\n",
      "2 Χ = [0.0 -0.0; 0.0 -4.9999999999999996e-5]\n",
      "t: 1.0e-6\n",
      "3 Χ = [-0.0 -0.0 -0.0; -0.0 -0.00031882546080269284 -0.0; -0.0 -0.00031865669307485695 -0.00010517030709909264]\n",
      "3 Χ = [-0.0 -0.0 -0.0; -0.0 -0.00031882546080269284 -0.0; -0.0 -0.00031865679167111897 -0.00010517030709909264]\n",
      "t: 3.787135132948526e-6\n",
      "4 Χ = [0.0 0.0 -0.0 -0.0; 0.0 1.3345707966671903e-5 -0.0 -0.0; 0.0 1.333864764919503e-5 -0.0005262236496073915 -0.0; 0.0 1.332847054702878e-5 -0.0005255312008202729 -0.00013728553052313913]\n",
      "4 Χ = [0.0 0.0 -0.0 -0.0; 0.0 1.3345707966671903e-5 -0.0 -0.0; 0.0 1.333864764919503e-5 -0.0005262236496073915 -0.0; 0.0 1.3328469250634384e-5 -0.0005257646491360387 -0.00013728553052313913]\n",
      "t: 7.81299652682735e-6\n",
      "5 Χ = [0.0 -0.0 -0.0 -0.0 -0.0; 0.0 -3.092891532055521e-5 -0.0 -0.0 -0.0; 0.0 -3.0912552909364755e-5 -0.000382625903140956 -0.0 -0.0; 0.0 -3.088896428986497e-5 -0.00038229215632052234 -0.000522926261254014 -0.0; 0.0 -3.086267534224942e-5 -0.00038196674330900486 -0.0005222310329728077 -0.00016335672187320417]\n",
      "5 Χ = [0.0 -0.0 -0.0 -0.0 -0.0; 0.0 -3.092891532055521e-5 -0.0 -0.0 -0.0; 0.0 -3.0912552909364755e-5 -0.000382625903140956 -0.0 -0.0; 0.0 -3.088896428986497e-5 -0.00038229215632052234 -0.000522926261254014 -0.0; 0.0 -3.0862677442440825e-5 -0.0003819666970419888 -0.000522436679398603 -0.00016335672187320417]\n",
      "t: 1.2309739821076058e-5\n",
      "6 Χ = [0.0 -0.0 -0.0 0.0 -0.0 -0.0; 0.0 -3.092891532055521e-5 -0.0 0.0 -0.0 -0.0; 0.0 -3.0912552909364755e-5 -0.0007672499360856566 0.0 -0.0 -0.0; 0.0 -3.088896428986497e-5 -0.0007665806995688801 0.0007457795961275346 -0.0 -0.0; 0.0 -3.0862677442440825e-5 -0.0007659280814146896 0.0007450813711856006 -0.0018355921495354893 -0.0; 0.0 -3.0795375891307886e-5 -0.0007642569878987048 0.00074345433221378 -0.0018264055596607562 -0.00036847918290527107]\n",
      "6 Χ = [0.0 -0.0 -0.0 0.0 -0.0 -0.0; 0.0 -3.092891532055521e-5 -0.0 0.0 -0.0 -0.0; 0.0 -3.0912552909364755e-5 -0.0007672499360856566 0.0 -0.0 -0.0; 0.0 -3.088896428986497e-5 -0.0007665806995688801 0.0007457795961275346 -0.0 -0.0; 0.0 -3.0862677442440825e-5 -0.0007659280814146896 0.0007450813711856006 -0.0018355921495354893 -0.0; 0.0 -3.079537535520291e-5 -0.0007642570473882615 0.0007434537880979188 -0.0018303400165653667 -0.00036847918290527107]\n",
      "t: 2.3876067682383135e-5\n",
      "7 Χ = [0.0 -0.0 -0.0 0.0 -0.0 -0.0 -0.0; 0.0 -3.092891532055521e-5 -0.0 0.0 -0.0 -0.0 -0.0; 0.0 -3.0912552909364755e-5 -0.0007672499360856566 0.0 -0.0 -0.0 -0.0; 0.0 -3.088896428986497e-5 -0.0007665806995688801 0.0007457795961275346 -0.0 -0.0 -0.0; 0.0 -3.0862677442440825e-5 -0.0007659280814146896 0.0007450813711856006 -0.0014344290605564163 -0.0 -0.0; 0.0 -3.079537535520291e-5 -0.0007642570473882615 0.0007434537880979188 -0.001430324765294445 -0.002033174362999871 -0.0; 0.0 -3.0674915030955294e-5 -0.0007612661965571513 0.0007405398106641905 -0.0014247213165075293 -0.0020251715706258717 -0.0008176286337215948]\n",
      "7 Χ = [0.0 -0.0 -0.0 0.0 -0.0 -0.0 -0.0; 0.0 -3.092891532055521e-5 -0.0 0.0 -0.0 -0.0 -0.0; 0.0 -3.0912552909364755e-5 -0.0007672499360856566 0.0 -0.0 -0.0 -0.0; 0.0 -3.088896428986497e-5 -0.0007665806995688801 0.0007457795961275346 -0.0 -0.0 -0.0; 0.0 -3.0862677442440825e-5 -0.0007659280814146896 0.0007450813711856006 -0.0014344290605564163 -0.0 -0.0; 0.0 -3.079537535520291e-5 -0.0007642570473882615 0.0007434537880979188 -0.001430324765294445 -0.002033174362999871 -0.0; 0.0 -3.0675394814702836e-5 -0.0007612781089594548 0.0007405514190471647 -0.0014247436340699196 -0.002025205055749967 -0.0008176286337215948]\n",
      "t: 4.468767493075435e-5\n",
      "8 Χ = [0.0 -0.0 -0.0 0.0 -0.0 0.0 -0.0 -0.0; 0.0 -3.092891532055521e-5 -0.0 0.0 -0.0 0.0 -0.0 -0.0; 0.0 -3.0912552909364755e-5 -0.0007672499360856566 0.0 -0.0 0.0 -0.0 -0.0; 0.0 -3.088896428986497e-5 -0.0007665806995688801 0.0007457795961275346 -0.0 0.0 -0.0 -0.0; 0.0 -3.0862677442440825e-5 -0.0007659280814146896 0.0007450813711856006 -0.002640379157713582 0.0 -0.0 -0.0; 0.0 -3.079537535520291e-5 -0.0007642570473882615 0.0007434537880979188 -0.0026328243082164534 0.0008930328986899061 -0.0 -0.0; 0.0 -3.0675394814702836e-5 -0.0007612781089594548 0.0007405514190471647 -0.002622551020420691 0.0008895325331120952 -0.0049543103012549185 -0.0; 0.0 -3.046961784216152e-5 -0.0007561689740091638 0.0007355736381482021 -0.0026049314472039605 0.0008835325247964579 -0.00489111336703909 -0.0012118279273194451]\n",
      "8 Χ = [0.0 -0.0 -0.0 0.0 -0.0 0.0 -0.0 -0.0; 0.0 -3.092891532055521e-5 -0.0 0.0 -0.0 0.0 -0.0 -0.0; 0.0 -3.0912552909364755e-5 -0.0007672499360856566 0.0 -0.0 0.0 -0.0 -0.0; 0.0 -3.088896428986497e-5 -0.0007665806995688801 0.0007457795961275346 -0.0 0.0 -0.0 -0.0; 0.0 -3.0862677442440825e-5 -0.0007659280814146896 0.0007450813711856006 -0.002640379157713582 0.0 -0.0 -0.0; 0.0 -3.079537535520291e-5 -0.0007642570473882615 0.0007434537880979188 -0.0026328243082164534 0.0008930328986899061 -0.0 -0.0; 0.0 -3.0675394814702836e-5 -0.0007612781089594548 0.0007405514190471647 -0.002622551020420691 0.0008895325331120952 -0.0049543103012549185 -0.0; 0.0 -3.046960026037788e-5 -0.0007561685374733524 0.0007355732126710781 -0.0026049299507999507 0.000883527475529106 -0.0049145022492363445 -0.0012118279273194451]\n",
      "t: 8.097019923395593e-5\n",
      "9 Χ = [0.0 -0.0 -0.0 0.0 -0.0 0.0 -0.0 -0.0 -0.0; 0.0 -3.092891532055521e-5 -0.0 0.0 -0.0 0.0 -0.0 -0.0 -0.0; 0.0 -3.0912552909364755e-5 -0.0007672499360856566 0.0 -0.0 0.0 -0.0 -0.0 -0.0; 0.0 -3.088896428986497e-5 -0.0007665806995688801 0.0007457795961275346 -0.0 0.0 -0.0 -0.0 -0.0; 0.0 -3.0862677442440825e-5 -0.0007659280814146896 0.0007450813711856006 -0.002640379157713582 0.0 -0.0 -0.0 -0.0; 0.0 -3.079537535520291e-5 -0.0007642570473882615 0.0007434537880979188 -0.0026328243082164534 0.0008930328986899061 -0.0 -0.0 -0.0; 0.0 -3.0675394814702836e-5 -0.0007612781089594548 0.0007405514190471647 -0.002622551020420691 0.0008895325331120952 -0.004245299631023216 -0.0 -0.0; 0.0 -3.046960026037788e-5 -0.0007561685374733524 0.0007355732126710781 -0.0026049299507999507 0.000883527475529106 -0.004211188503889456 -0.004988410822949622 -0.0; 0.0 -3.0182849209065952e-5 -0.0007490489393703065 0.0007286367100145916 -0.0025803770438386697 0.0008751535094654805 -0.004171204087268885 -0.004940421978963908 -0.002065202165225951]\n",
      "9 Χ = [0.0 -0.0 -0.0 0.0 -0.0 0.0 -0.0 -0.0 -0.0; 0.0 -3.092891532055521e-5 -0.0 0.0 -0.0 0.0 -0.0 -0.0 -0.0; 0.0 -3.0912552909364755e-5 -0.0007672499360856566 0.0 -0.0 0.0 -0.0 -0.0 -0.0; 0.0 -3.088896428986497e-5 -0.0007665806995688801 0.0007457795961275346 -0.0 0.0 -0.0 -0.0 -0.0; 0.0 -3.0862677442440825e-5 -0.0007659280814146896 0.0007450813711856006 -0.002640379157713582 0.0 -0.0 -0.0 -0.0; 0.0 -3.079537535520291e-5 -0.0007642570473882615 0.0007434537880979188 -0.0026328243082164534 0.0008930328986899061 -0.0 -0.0 -0.0; 0.0 -3.0675394814702836e-5 -0.0007612781089594548 0.0007405514190471647 -0.002622551020420691 0.0008895325331120952 -0.004245299631023216 -0.0 -0.0; 0.0 -3.046960026037788e-5 -0.0007561685374733524 0.0007355732126710781 -0.0026049299507999507 0.000883527475529106 -0.004211188503889456 -0.004988410822949622 -0.0; 0.0 -3.018563176631108e-5 -0.000749118026566199 0.000728704032672155 -0.0025806153012608484 0.000875234819769583 -0.004171592229085254 -0.004940905219407497 -0.002065202165225951]\n",
      "t: 0.00013229794314020019\n",
      "10 Χ = [0.0 -0.0 -0.0 0.0 -0.0 0.0 -0.0 -0.0 -0.0 -0.0; 0.0 -3.092891532055521e-5 -0.0 0.0 -0.0 0.0 -0.0 -0.0 -0.0 -0.0; 0.0 -3.0912552909364755e-5 -0.0007672499360856566 0.0 -0.0 0.0 -0.0 -0.0 -0.0 -0.0; 0.0 -3.088896428986497e-5 -0.0007665806995688801 0.0007457795961275346 -0.0 0.0 -0.0 -0.0 -0.0 -0.0; 0.0 -3.0862677442440825e-5 -0.0007659280814146896 0.0007450813711856006 -0.002640379157713582 0.0 -0.0 -0.0 -0.0 -0.0; 0.0 -3.079537535520291e-5 -0.0007642570473882615 0.0007434537880979188 -0.0026328243082164534 0.0008930328986899061 -0.0 -0.0 -0.0 -0.0; 0.0 -3.0675394814702836e-5 -0.0007612781089594548 0.0007405514190471647 -0.002622551020420691 0.0008895325331120952 -0.005738906740019405 -0.0 -0.0 -0.0; 0.0 -3.046960026037788e-5 -0.0007561685374733524 0.0007355732126710781 -0.0026049299507999507 0.000883527475529106 -0.005692794428891343 -0.0004502410842943127 -0.0 -0.0; 0.0 -3.018563176631108e-5 -0.000749118026566199 0.000728704032672155 -0.0025806153012608484 0.000875234819769583 -0.005639267152113773 -0.00044595335114481745 -0.010405090807244746 -0.0; 0.0 -2.9756313778363472e-5 -0.0007384587124793936 0.0007183190113016631 -0.002543855216547807 0.0008626981885301401 -0.005558344508135094 -0.0004394777810618138 -0.0101286474717784 -0.0027612929274450125]\n",
      "10 Χ = [0.0 -0.0 -0.0 0.0 -0.0 0.0 -0.0 -0.0 -0.0 -0.0; 0.0 -3.092891532055521e-5 -0.0 0.0 -0.0 0.0 -0.0 -0.0 -0.0 -0.0; 0.0 -3.0912552909364755e-5 -0.0007672499360856566 0.0 -0.0 0.0 -0.0 -0.0 -0.0 -0.0; 0.0 -3.088896428986497e-5 -0.0007665806995688801 0.0007457795961275346 -0.0 0.0 -0.0 -0.0 -0.0 -0.0; 0.0 -3.0862677442440825e-5 -0.0007659280814146896 0.0007450813711856006 -0.002640379157713582 0.0 -0.0 -0.0 -0.0 -0.0; 0.0 -3.079537535520291e-5 -0.0007642570473882615 0.0007434537880979188 -0.0026328243082164534 0.0008930328986899061 -0.0 -0.0 -0.0 -0.0; 0.0 -3.0675394814702836e-5 -0.0007612781089594548 0.0007405514190471647 -0.002622551020420691 0.0008895325331120952 -0.005738906740019405 -0.0 -0.0 -0.0; 0.0 -3.046960026037788e-5 -0.0007561685374733524 0.0007355732126710781 -0.0026049299507999507 0.000883527475529106 -0.005692794428891343 -0.0004502410842943127 -0.0 -0.0; 0.0 -3.018563176631108e-5 -0.000749118026566199 0.000728704032672155 -0.0025806153012608484 0.000875234819769583 -0.005639267152113773 -0.00044595335114481745 -0.010405090807244746 -0.0; 0.0 -2.9756127083071413e-5 -0.0007384540770498152 0.0007183144934374965 -0.002543839230514817 0.0008626927294547729 -0.005558309397002991 -0.0004394680829925617 -0.010227363911135138 -0.0027612929274450125]\n",
      "t: 0.00021286413253824706\n",
      "11 Χ = [0.0 -0.0 -0.0 0.0 -0.0 0.0 -0.0 -0.0 -0.0 -0.0 -0.0; 0.0 -3.092891532055521e-5 -0.0 0.0 -0.0 0.0 -0.0 -0.0 -0.0 -0.0 -0.0; 0.0 -3.0912552909364755e-5 -0.0007672499360856566 0.0 -0.0 0.0 -0.0 -0.0 -0.0 -0.0 -0.0; 0.0 -3.088896428986497e-5 -0.0007665806995688801 0.0007457795961275346 -0.0 0.0 -0.0 -0.0 -0.0 -0.0 -0.0; 0.0 -3.0862677442440825e-5 -0.0007659280814146896 0.0007450813711856006 -0.002640379157713582 0.0 -0.0 -0.0 -0.0 -0.0 -0.0; 0.0 -3.079537535520291e-5 -0.0007642570473882615 0.0007434537880979188 -0.0026328243082164534 0.0008930328986899061 -0.0 -0.0 -0.0 -0.0 -0.0; 0.0 -3.0675394814702836e-5 -0.0007612781089594548 0.0007405514190471647 -0.002622551020420691 0.0008895325331120952 -0.005738906740019405 -0.0 -0.0 -0.0 -0.0; 0.0 -3.046960026037788e-5 -0.0007561685374733524 0.0007355732126710781 -0.0026049299507999507 0.000883527475529106 -0.005692794428891343 -0.0004502410842943127 -0.0 -0.0 -0.0; 0.0 -3.018563176631108e-5 -0.000749118026566199 0.000728704032672155 -0.0025806153012608484 0.000875234819769583 -0.005639267152113773 -0.00044595335114481745 -0.009071105978807571 -0.0 -0.0; 0.0 -2.9756127083071413e-5 -0.0007384540770498152 0.0007183144934374965 -0.002543839230514817 0.0008626927294547729 -0.005558309397002991 -0.0004394680829925617 -0.008916164562172141 -0.010426977924807469 -0.0; 0.0 -2.9206797467225893e-5 -0.0007248150657217017 0.000705026664992471 -0.0024968032817537047 0.0008466525179591007 -0.005454769860055685 -0.00043116616425704603 -0.008746425692610476 -0.010222836307397957 -0.004312262997634802]\n",
      "11 Χ = [0.0 -0.0 -0.0 0.0 -0.0 0.0 -0.0 -0.0 -0.0 -0.0 -0.0; 0.0 -3.092891532055521e-5 -0.0 0.0 -0.0 0.0 -0.0 -0.0 -0.0 -0.0 -0.0; 0.0 -3.0912552909364755e-5 -0.0007672499360856566 0.0 -0.0 0.0 -0.0 -0.0 -0.0 -0.0 -0.0; 0.0 -3.088896428986497e-5 -0.0007665806995688801 0.0007457795961275346 -0.0 0.0 -0.0 -0.0 -0.0 -0.0 -0.0; 0.0 -3.0862677442440825e-5 -0.0007659280814146896 0.0007450813711856006 -0.002640379157713582 0.0 -0.0 -0.0 -0.0 -0.0 -0.0; 0.0 -3.079537535520291e-5 -0.0007642570473882615 0.0007434537880979188 -0.0026328243082164534 0.0008930328986899061 -0.0 -0.0 -0.0 -0.0 -0.0; 0.0 -3.0675394814702836e-5 -0.0007612781089594548 0.0007405514190471647 -0.002622551020420691 0.0008895325331120952 -0.005738906740019405 -0.0 -0.0 -0.0 -0.0; 0.0 -3.046960026037788e-5 -0.0007561685374733524 0.0007355732126710781 -0.0026049299507999507 0.000883527475529106 -0.005692794428891343 -0.0004502410842943127 -0.0 -0.0 -0.0; 0.0 -3.018563176631108e-5 -0.000749118026566199 0.000728704032672155 -0.0025806153012608484 0.000875234819769583 -0.005639267152113773 -0.00044595335114481745 -0.009071105978807571 -0.0 -0.0; 0.0 -2.9756127083071413e-5 -0.0007384540770498152 0.0007183144934374965 -0.002543839230514817 0.0008626927294547729 -0.005558309397002991 -0.0004394680829925617 -0.008916164562172141 -0.010426977924807469 -0.0; 0.0 -2.921757995209315e-5 -0.0007250827799992049 0.0007052875303947317 -0.0024977265328735903 0.0008469675497422808 -0.005456802972770261 -0.0004313293914414469 -0.008749763018346065 -0.01022699344933141 -0.004312262997634802]\n",
      "t: 0.0003193037642038479\n",
      "12 Χ = [0.0 -0.0 -0.0 0.0 -0.0 0.0 -0.0 -0.0 -0.0 -0.0 -0.0 -0.0; 0.0 -3.092891532055521e-5 -0.0 0.0 -0.0 0.0 -0.0 -0.0 -0.0 -0.0 -0.0 -0.0; 0.0 -3.0912552909364755e-5 -0.0007672499360856566 0.0 -0.0 0.0 -0.0 -0.0 -0.0 -0.0 -0.0 -0.0; 0.0 -3.088896428986497e-5 -0.0007665806995688801 0.0007457795961275346 -0.0 0.0 -0.0 -0.0 -0.0 -0.0 -0.0 -0.0; 0.0 -3.0862677442440825e-5 -0.0007659280814146896 0.0007450813711856006 -0.002640379157713582 0.0 -0.0 -0.0 -0.0 -0.0 -0.0 -0.0; 0.0 -3.079537535520291e-5 -0.0007642570473882615 0.0007434537880979188 -0.0026328243082164534 0.0008930328986899061 -0.0 -0.0 -0.0 -0.0 -0.0 -0.0; 0.0 -3.0675394814702836e-5 -0.0007612781089594548 0.0007405514190471647 -0.002622551020420691 0.0008895325331120952 -0.005738906740019405 -0.0 -0.0 -0.0 -0.0 -0.0; 0.0 -3.046960026037788e-5 -0.0007561685374733524 0.0007355732126710781 -0.0026049299507999507 0.000883527475529106 -0.005692794428891343 -0.0004502410842943127 -0.0 -0.0 -0.0 -0.0; 0.0 -3.018563176631108e-5 -0.000749118026566199 0.000728704032672155 -0.0025806153012608484 0.000875234819769583 -0.005639267152113773 -0.00044595335114481745 -0.010996978335132657 -0.0 -0.0 -0.0; 0.0 -2.9756127083071413e-5 -0.0007384540770498152 0.0007183144934374965 -0.002543839230514817 0.0008626927294547729 -0.005558309397002991 -0.0004394680829925617 -0.010809141548093096 -0.003981133134030746 -0.0 -0.0; 0.0 -2.921757995209315e-5 -0.0007250827799992049 0.0007052875303947317 -0.0024977265328735903 0.0008469675497422808 -0.005456802972770261 -0.0004313293914414469 -0.010607411552140766 -0.0039047768947300674 -0.018429411588892938 -0.0; 0.0 -2.8520799282300855e-5 -0.0007077828067319186 0.0006884335106741571 -0.00243806531952607 0.0008266239752763064 -0.005325480621997219 -0.00042080220453976605 -0.01034648201124369 -0.003806214346855161 -0.017600621332554738 -0.005188158572717774]\n",
      "12 Χ = [0.0 -0.0 -0.0 0.0 -0.0 0.0 -0.0 -0.0 -0.0 -0.0 -0.0 -0.0; 0.0 -3.092891532055521e-5 -0.0 0.0 -0.0 0.0 -0.0 -0.0 -0.0 -0.0 -0.0 -0.0; 0.0 -3.0912552909364755e-5 -0.0007672499360856566 0.0 -0.0 0.0 -0.0 -0.0 -0.0 -0.0 -0.0 -0.0; 0.0 -3.088896428986497e-5 -0.0007665806995688801 0.0007457795961275346 -0.0 0.0 -0.0 -0.0 -0.0 -0.0 -0.0 -0.0; 0.0 -3.0862677442440825e-5 -0.0007659280814146896 0.0007450813711856006 -0.002640379157713582 0.0 -0.0 -0.0 -0.0 -0.0 -0.0 -0.0; 0.0 -3.079537535520291e-5 -0.0007642570473882615 0.0007434537880979188 -0.0026328243082164534 0.0008930328986899061 -0.0 -0.0 -0.0 -0.0 -0.0 -0.0; 0.0 -3.0675394814702836e-5 -0.0007612781089594548 0.0007405514190471647 -0.002622551020420691 0.0008895325331120952 -0.005738906740019405 -0.0 -0.0 -0.0 -0.0 -0.0; 0.0 -3.046960026037788e-5 -0.0007561685374733524 0.0007355732126710781 -0.0026049299507999507 0.000883527475529106 -0.005692794428891343 -0.0004502410842943127 -0.0 -0.0 -0.0 -0.0; 0.0 -3.018563176631108e-5 -0.000749118026566199 0.000728704032672155 -0.0025806153012608484 0.000875234819769583 -0.005639267152113773 -0.00044595335114481745 -0.010996978335132657 -0.0 -0.0 -0.0; 0.0 -2.9756127083071413e-5 -0.0007384540770498152 0.0007183144934374965 -0.002543839230514817 0.0008626927294547729 -0.005558309397002991 -0.0004394680829925617 -0.010809141548093096 -0.003981133134030746 -0.0 -0.0; 0.0 -2.921757995209315e-5 -0.0007250827799992049 0.0007052875303947317 -0.0024977265328735903 0.0008469675497422808 -0.005456802972770261 -0.0004313293914414469 -0.010607411552140766 -0.0039047768947300674 -0.018429411588892938 -0.0; 0.0 -2.85197539892101e-5 -0.0007077568533636155 0.0006884082169004506 -0.0024379758152565517 0.0008265934164917849 -0.005325283445829235 -0.0004207863536139796 -0.010346090093332653 -0.003805906527993771 -0.017885254661304403 -0.005188158572717774]\n",
      "t: 0.0004671571114990906\n",
      "13 Χ = [0.0 -0.0 -0.0 0.0 -0.0 0.0 -0.0 -0.0 -0.0 -0.0 -0.0 -0.0 -0.0; 0.0 -3.092891532055521e-5 -0.0 0.0 -0.0 0.0 -0.0 -0.0 -0.0 -0.0 -0.0 -0.0 -0.0; 0.0 -3.0912552909364755e-5 -0.0007672499360856566 0.0 -0.0 0.0 -0.0 -0.0 -0.0 -0.0 -0.0 -0.0 -0.0; 0.0 -3.088896428986497e-5 -0.0007665806995688801 0.0007457795961275346 -0.0 0.0 -0.0 -0.0 -0.0 -0.0 -0.0 -0.0 -0.0; 0.0 -3.0862677442440825e-5 -0.0007659280814146896 0.0007450813711856006 -0.002640379157713582 0.0 -0.0 -0.0 -0.0 -0.0 -0.0 -0.0 -0.0; 0.0 -3.079537535520291e-5 -0.0007642570473882615 0.0007434537880979188 -0.0026328243082164534 0.0008930328986899061 -0.0 -0.0 -0.0 -0.0 -0.0 -0.0 -0.0; 0.0 -3.0675394814702836e-5 -0.0007612781089594548 0.0007405514190471647 -0.002622551020420691 0.0008895325331120952 -0.005738906740019405 -0.0 -0.0 -0.0 -0.0 -0.0 -0.0; 0.0 -3.046960026037788e-5 -0.0007561685374733524 0.0007355732126710781 -0.0026049299507999507 0.000883527475529106 -0.005692794428891343 -0.0004502410842943127 -0.0 -0.0 -0.0 -0.0 -0.0; 0.0 -3.018563176631108e-5 -0.000749118026566199 0.000728704032672155 -0.0025806153012608484 0.000875234819769583 -0.005639267152113773 -0.00044595335114481745 -0.010996978335132657 -0.0 -0.0 -0.0 -0.0; 0.0 -2.9756127083071413e-5 -0.0007384540770498152 0.0007183144934374965 -0.002543839230514817 0.0008626927294547729 -0.005558309397002991 -0.0004394680829925617 -0.010809141548093096 -0.003981133134030746 -0.0 -0.0 -0.0; 0.0 -2.921757995209315e-5 -0.0007250827799992049 0.0007052875303947317 -0.0024977265328735903 0.0008469675497422808 -0.005456802972770261 -0.0004313293914414469 -0.010607411552140766 -0.0039047768947300674 -0.016279328923054927 -0.0 -0.0; 0.0 -2.85197539892101e-5 -0.0007077568533636155 0.0006884082169004506 -0.0024379758152565517 0.0008265934164917849 -0.005325283445829235 -0.0004207863536139796 -0.010346090093332653 -0.003805906527993771 -0.015798656517034566 -0.018314949308784276 -0.0; 0.0 -2.7693847930735843e-5 -0.0006872509231783122 0.0006684314387332103 -0.0023672585061164527 0.0008024821944059661 -0.0051696350865888955 -0.000408311741093828 -0.010036898646557274 -0.0036888060104475024 -0.015302636198530844 -0.017710672083247385 -0.007543787923708723]\n",
      "13 Χ = [0.0 -0.0 -0.0 0.0 -0.0 0.0 -0.0 -0.0 -0.0 -0.0 -0.0 -0.0 -0.0; 0.0 -3.092891532055521e-5 -0.0 0.0 -0.0 0.0 -0.0 -0.0 -0.0 -0.0 -0.0 -0.0 -0.0; 0.0 -3.0912552909364755e-5 -0.0007672499360856566 0.0 -0.0 0.0 -0.0 -0.0 -0.0 -0.0 -0.0 -0.0 -0.0; 0.0 -3.088896428986497e-5 -0.0007665806995688801 0.0007457795961275346 -0.0 0.0 -0.0 -0.0 -0.0 -0.0 -0.0 -0.0 -0.0; 0.0 -3.0862677442440825e-5 -0.0007659280814146896 0.0007450813711856006 -0.002640379157713582 0.0 -0.0 -0.0 -0.0 -0.0 -0.0 -0.0 -0.0; 0.0 -3.079537535520291e-5 -0.0007642570473882615 0.0007434537880979188 -0.0026328243082164534 0.0008930328986899061 -0.0 -0.0 -0.0 -0.0 -0.0 -0.0 -0.0; 0.0 -3.0675394814702836e-5 -0.0007612781089594548 0.0007405514190471647 -0.002622551020420691 0.0008895325331120952 -0.005738906740019405 -0.0 -0.0 -0.0 -0.0 -0.0 -0.0; 0.0 -3.046960026037788e-5 -0.0007561685374733524 0.0007355732126710781 -0.0026049299507999507 0.000883527475529106 -0.005692794428891343 -0.0004502410842943127 -0.0 -0.0 -0.0 -0.0 -0.0; 0.0 -3.018563176631108e-5 -0.000749118026566199 0.000728704032672155 -0.0025806153012608484 0.000875234819769583 -0.005639267152113773 -0.00044595335114481745 -0.010996978335132657 -0.0 -0.0 -0.0 -0.0; 0.0 -2.9756127083071413e-5 -0.0007384540770498152 0.0007183144934374965 -0.002543839230514817 0.0008626927294547729 -0.005558309397002991 -0.0004394680829925617 -0.010809141548093096 -0.003981133134030746 -0.0 -0.0 -0.0; 0.0 -2.921757995209315e-5 -0.0007250827799992049 0.0007052875303947317 -0.0024977265328735903 0.0008469675497422808 -0.005456802972770261 -0.0004313293914414469 -0.010607411552140766 -0.0039047768947300674 -0.016279328923054927 -0.0 -0.0; 0.0 -2.85197539892101e-5 -0.0007077568533636155 0.0006884082169004506 -0.0024379758152565517 0.0008265934164917849 -0.005325283445829235 -0.0004207863536139796 -0.010346090093332653 -0.003805906527993771 -0.015798656517034566 -0.018314949308784276 -0.0; 0.0 -2.7720915668915534e-5 -0.0006879229757554976 0.0006690862481629321 -0.0023695761705348913 0.0008032728192406827 -0.005174737975925715 -0.00040872118704456 -0.010047047840462621 -0.003692658596455455 -0.015318966843492429 -0.017731281580295057 -0.007543787923708723]\n",
      "t: 0.0006523620714384628\n",
      "14 Χ = [0.0 -0.0 -0.0 0.0 -0.0 0.0 -0.0 -0.0 -0.0 -0.0 -0.0 -0.0 -0.0 -0.0; 0.0 -3.092891532055521e-5 -0.0 0.0 -0.0 0.0 -0.0 -0.0 -0.0 -0.0 -0.0 -0.0 -0.0 -0.0; 0.0 -3.0912552909364755e-5 -0.0007672499360856566 0.0 -0.0 0.0 -0.0 -0.0 -0.0 -0.0 -0.0 -0.0 -0.0 -0.0; 0.0 -3.088896428986497e-5 -0.0007665806995688801 0.0007457795961275346 -0.0 0.0 -0.0 -0.0 -0.0 -0.0 -0.0 -0.0 -0.0 -0.0; 0.0 -3.0862677442440825e-5 -0.0007659280814146896 0.0007450813711856006 -0.002640379157713582 0.0 -0.0 -0.0 -0.0 -0.0 -0.0 -0.0 -0.0 -0.0; 0.0 -3.079537535520291e-5 -0.0007642570473882615 0.0007434537880979188 -0.0026328243082164534 0.0008930328986899061 -0.0 -0.0 -0.0 -0.0 -0.0 -0.0 -0.0 -0.0; 0.0 -3.0675394814702836e-5 -0.0007612781089594548 0.0007405514190471647 -0.002622551020420691 0.0008895325331120952 -0.005738906740019405 -0.0 -0.0 -0.0 -0.0 -0.0 -0.0 -0.0; 0.0 -3.046960026037788e-5 -0.0007561685374733524 0.0007355732126710781 -0.0026049299507999507 0.000883527475529106 -0.005692794428891343 -0.0004502410842943127 -0.0 -0.0 -0.0 -0.0 -0.0 -0.0; 0.0 -3.018563176631108e-5 -0.000749118026566199 0.000728704032672155 -0.0025806153012608484 0.000875234819769583 -0.005639267152113773 -0.00044595335114481745 -0.010996978335132657 -0.0 -0.0 -0.0 -0.0 -0.0; 0.0 -2.9756127083071413e-5 -0.0007384540770498152 0.0007183144934374965 -0.002543839230514817 0.0008626927294547729 -0.005558309397002991 -0.0004394680829925617 -0.010809141548093096 -0.003981133134030746 -0.0 -0.0 -0.0 -0.0; 0.0 -2.921757995209315e-5 -0.0007250827799992049 0.0007052875303947317 -0.0024977265328735903 0.0008469675497422808 -0.005456802972770261 -0.0004313293914414469 -0.010607411552140766 -0.0039047768947300674 -0.0186684699301821 -0.0 -0.0 -0.0; 0.0 -2.85197539892101e-5 -0.0007077568533636155 0.0006884082169004506 -0.0024379758152565517 0.0008265934164917849 -0.005325283445829235 -0.0004207863536139796 -0.010346090093332653 -0.003805906527993771 -0.018117254434723246 -0.009686074637579124 -0.0 -0.0; 0.0 -2.7720915668915534e-5 -0.0006879229757554976 0.0006690862481629321 -0.0023695761705348913 0.0008032728192406827 -0.005174737975925715 -0.00040872118704456 -0.010047047840462621 -0.003692658596455455 -0.0175671658967579 -0.00937739514923452 -0.02900581774650563 -0.0; 0.0 -2.6810178029129534e-5 -0.0006653108567474633 0.0006470586680484111 -0.0022915955064987253 0.0007766894546229831 -0.005003121436369094 -0.0003949716770934597 -0.00970626653845777 -0.0035636835988231835 -0.016940818819955374 -0.0090272299083067 -0.027073399197762426 -0.008440430954577067]\n",
      "14 Χ = [0.0 -0.0 -0.0 0.0 -0.0 0.0 -0.0 -0.0 -0.0 -0.0 -0.0 -0.0 -0.0 -0.0; 0.0 -3.092891532055521e-5 -0.0 0.0 -0.0 0.0 -0.0 -0.0 -0.0 -0.0 -0.0 -0.0 -0.0 -0.0; 0.0 -3.0912552909364755e-5 -0.0007672499360856566 0.0 -0.0 0.0 -0.0 -0.0 -0.0 -0.0 -0.0 -0.0 -0.0 -0.0; 0.0 -3.088896428986497e-5 -0.0007665806995688801 0.0007457795961275346 -0.0 0.0 -0.0 -0.0 -0.0 -0.0 -0.0 -0.0 -0.0 -0.0; 0.0 -3.0862677442440825e-5 -0.0007659280814146896 0.0007450813711856006 -0.002640379157713582 0.0 -0.0 -0.0 -0.0 -0.0 -0.0 -0.0 -0.0 -0.0; 0.0 -3.079537535520291e-5 -0.0007642570473882615 0.0007434537880979188 -0.0026328243082164534 0.0008930328986899061 -0.0 -0.0 -0.0 -0.0 -0.0 -0.0 -0.0 -0.0; 0.0 -3.0675394814702836e-5 -0.0007612781089594548 0.0007405514190471647 -0.002622551020420691 0.0008895325331120952 -0.005738906740019405 -0.0 -0.0 -0.0 -0.0 -0.0 -0.0 -0.0; 0.0 -3.046960026037788e-5 -0.0007561685374733524 0.0007355732126710781 -0.0026049299507999507 0.000883527475529106 -0.005692794428891343 -0.0004502410842943127 -0.0 -0.0 -0.0 -0.0 -0.0 -0.0; 0.0 -3.018563176631108e-5 -0.000749118026566199 0.000728704032672155 -0.0025806153012608484 0.000875234819769583 -0.005639267152113773 -0.00044595335114481745 -0.010996978335132657 -0.0 -0.0 -0.0 -0.0 -0.0; 0.0 -2.9756127083071413e-5 -0.0007384540770498152 0.0007183144934374965 -0.002543839230514817 0.0008626927294547729 -0.005558309397002991 -0.0004394680829925617 -0.010809141548093096 -0.003981133134030746 -0.0 -0.0 -0.0 -0.0; 0.0 -2.921757995209315e-5 -0.0007250827799992049 0.0007052875303947317 -0.0024977265328735903 0.0008469675497422808 -0.005456802972770261 -0.0004313293914414469 -0.010607411552140766 -0.0039047768947300674 -0.0186684699301821 -0.0 -0.0 -0.0; 0.0 -2.85197539892101e-5 -0.0007077568533636155 0.0006884082169004506 -0.0024379758152565517 0.0008265934164917849 -0.005325283445829235 -0.0004207863536139796 -0.010346090093332653 -0.003805906527993771 -0.018117254434723246 -0.009686074637579124 -0.0 -0.0; 0.0 -2.7720915668915534e-5 -0.0006879229757554976 0.0006690862481629321 -0.0023695761705348913 0.0008032728192406827 -0.005174737975925715 -0.00040872118704456 -0.010047047840462621 -0.003692658596455455 -0.0175671658967579 -0.00937739514923452 -0.02900581774650563 -0.0; 0.0 -2.6806727367861123e-5 -0.0006652251813235125 0.0006469751779327117 -0.002291300042175343 0.0007765886092834786 -0.005002470674817613 -0.0003949194006588269 -0.00970497062017332 -0.003563190556486755 -0.016938425510809874 -0.009025063022692348 -0.02772554481958541 -0.008440430954577067]\n",
      "t: 0.0008889893425714228\n",
      "15 Χ = [0.0 -0.0 -0.0 0.0 -0.0 0.0 -0.0 -0.0 -0.0 -0.0 -0.0 -0.0 -0.0 -0.0 -0.0; 0.0 -3.092891532055521e-5 -0.0 0.0 -0.0 0.0 -0.0 -0.0 -0.0 -0.0 -0.0 -0.0 -0.0 -0.0 -0.0; 0.0 -3.0912552909364755e-5 -0.0007672499360856566 0.0 -0.0 0.0 -0.0 -0.0 -0.0 -0.0 -0.0 -0.0 -0.0 -0.0 -0.0; 0.0 -3.088896428986497e-5 -0.0007665806995688801 0.0007457795961275346 -0.0 0.0 -0.0 -0.0 -0.0 -0.0 -0.0 -0.0 -0.0 -0.0 -0.0; 0.0 -3.0862677442440825e-5 -0.0007659280814146896 0.0007450813711856006 -0.002640379157713582 0.0 -0.0 -0.0 -0.0 -0.0 -0.0 -0.0 -0.0 -0.0 -0.0; 0.0 -3.079537535520291e-5 -0.0007642570473882615 0.0007434537880979188 -0.0026328243082164534 0.0008930328986899061 -0.0 -0.0 -0.0 -0.0 -0.0 -0.0 -0.0 -0.0 -0.0; 0.0 -3.0675394814702836e-5 -0.0007612781089594548 0.0007405514190471647 -0.002622551020420691 0.0008895325331120952 -0.005738906740019405 -0.0 -0.0 -0.0 -0.0 -0.0 -0.0 -0.0 -0.0; 0.0 -3.046960026037788e-5 -0.0007561685374733524 0.0007355732126710781 -0.0026049299507999507 0.000883527475529106 -0.005692794428891343 -0.0004502410842943127 -0.0 -0.0 -0.0 -0.0 -0.0 -0.0 -0.0; 0.0 -3.018563176631108e-5 -0.000749118026566199 0.000728704032672155 -0.0025806153012608484 0.000875234819769583 -0.005639267152113773 -0.00044595335114481745 -0.010996978335132657 -0.0 -0.0 -0.0 -0.0 -0.0 -0.0; 0.0 -2.9756127083071413e-5 -0.0007384540770498152 0.0007183144934374965 -0.002543839230514817 0.0008626927294547729 -0.005558309397002991 -0.0004394680829925617 -0.010809141548093096 -0.003981133134030746 -0.0 -0.0 -0.0 -0.0 -0.0; 0.0 -2.921757995209315e-5 -0.0007250827799992049 0.0007052875303947317 -0.0024977265328735903 0.0008469675497422808 -0.005456802972770261 -0.0004313293914414469 -0.010607411552140766 -0.0039047768947300674 -0.0186684699301821 -0.0 -0.0 -0.0 -0.0; 0.0 -2.85197539892101e-5 -0.0007077568533636155 0.0006884082169004506 -0.0024379758152565517 0.0008265934164917849 -0.005325283445829235 -0.0004207863536139796 -0.010346090093332653 -0.003805906527993771 -0.018117254434723246 -0.009686074637579124 -0.0 -0.0 -0.0; 0.0 -2.7720915668915534e-5 -0.0006879229757554976 0.0006690862481629321 -0.0023695761705348913 0.0008032728192406827 -0.005174737975925715 -0.00040872118704456 -0.010047047840462621 -0.003692658596455455 -0.0175671658967579 -0.00937739514923452 -0.025858392876761657 -0.0 -0.0; 0.0 -2.6806727367861123e-5 -0.0006652251813235125 0.0006469751779327117 -0.002291300042175343 0.0007765886092834786 -0.005002470674817613 -0.0003949194006588269 -0.00970497062017332 -0.003563190556486755 -0.016938425510809874 -0.009025063022692348 -0.024717042523425287 -0.028483873090807205 -0.0; 0.0 -2.579263919110381e-5 -0.0006400470829477717 0.0006224489611827648 -0.002204470405309618 0.000746992861115859 -0.004811397786448163 -0.00037961585125953506 -0.00932568192067309 -0.003419728166155416 -0.01624188588815453 -0.008634421507081274 -0.023605078932068188 -0.02709981401034567 -0.011684266680656207]\n",
      "15 Χ = [0.0 -0.0 -0.0 0.0 -0.0 0.0 -0.0 -0.0 -0.0 -0.0 -0.0 -0.0 -0.0 -0.0 -0.0; 0.0 -3.092891532055521e-5 -0.0 0.0 -0.0 0.0 -0.0 -0.0 -0.0 -0.0 -0.0 -0.0 -0.0 -0.0 -0.0; 0.0 -3.0912552909364755e-5 -0.0007672499360856566 0.0 -0.0 0.0 -0.0 -0.0 -0.0 -0.0 -0.0 -0.0 -0.0 -0.0 -0.0; 0.0 -3.088896428986497e-5 -0.0007665806995688801 0.0007457795961275346 -0.0 0.0 -0.0 -0.0 -0.0 -0.0 -0.0 -0.0 -0.0 -0.0 -0.0; 0.0 -3.0862677442440825e-5 -0.0007659280814146896 0.0007450813711856006 -0.002640379157713582 0.0 -0.0 -0.0 -0.0 -0.0 -0.0 -0.0 -0.0 -0.0 -0.0; 0.0 -3.079537535520291e-5 -0.0007642570473882615 0.0007434537880979188 -0.0026328243082164534 0.0008930328986899061 -0.0 -0.0 -0.0 -0.0 -0.0 -0.0 -0.0 -0.0 -0.0; 0.0 -3.0675394814702836e-5 -0.0007612781089594548 0.0007405514190471647 -0.002622551020420691 0.0008895325331120952 -0.005738906740019405 -0.0 -0.0 -0.0 -0.0 -0.0 -0.0 -0.0 -0.0; 0.0 -3.046960026037788e-5 -0.0007561685374733524 0.0007355732126710781 -0.0026049299507999507 0.000883527475529106 -0.005692794428891343 -0.0004502410842943127 -0.0 -0.0 -0.0 -0.0 -0.0 -0.0 -0.0; 0.0 -3.018563176631108e-5 -0.000749118026566199 0.000728704032672155 -0.0025806153012608484 0.000875234819769583 -0.005639267152113773 -0.00044595335114481745 -0.010996978335132657 -0.0 -0.0 -0.0 -0.0 -0.0 -0.0; 0.0 -2.9756127083071413e-5 -0.0007384540770498152 0.0007183144934374965 -0.002543839230514817 0.0008626927294547729 -0.005558309397002991 -0.0004394680829925617 -0.010809141548093096 -0.003981133134030746 -0.0 -0.0 -0.0 -0.0 -0.0; 0.0 -2.921757995209315e-5 -0.0007250827799992049 0.0007052875303947317 -0.0024977265328735903 0.0008469675497422808 -0.005456802972770261 -0.0004313293914414469 -0.010607411552140766 -0.0039047768947300674 -0.0186684699301821 -0.0 -0.0 -0.0 -0.0; 0.0 -2.85197539892101e-5 -0.0007077568533636155 0.0006884082169004506 -0.0024379758152565517 0.0008265934164917849 -0.005325283445829235 -0.0004207863536139796 -0.010346090093332653 -0.003805906527993771 -0.018117254434723246 -0.009686074637579124 -0.0 -0.0 -0.0; 0.0 -2.7720915668915534e-5 -0.0006879229757554976 0.0006690862481629321 -0.0023695761705348913 0.0008032728192406827 -0.005174737975925715 -0.00040872118704456 -0.010047047840462621 -0.003692658596455455 -0.0175671658967579 -0.00937739514923452 -0.025858392876761657 -0.0 -0.0; 0.0 -2.6806727367861123e-5 -0.0006652251813235125 0.0006469751779327117 -0.002291300042175343 0.0007765886092834786 -0.005002470674817613 -0.0003949194006588269 -0.00970497062017332 -0.003563190556486755 -0.016938425510809874 -0.009025063022692348 -0.024717042523425287 -0.028483873090807205 -0.0; 0.0 -2.584099058945862e-5 -0.0006412475719821647 0.0006236185125296794 -0.0022086104396258927 0.0007484045844432954 -0.004820510629491525 -0.0003803464074219584 -0.009343789437958024 -0.003426590037521772 -0.016275224886486438 -0.00865318475707253 -0.02365858283269396 -0.027168935584010814 -0.011684266680656207]\n",
      "t: 0.0011747921820428465\n",
      "16 Χ = [0.0 -0.0 -0.0 0.0 -0.0 0.0 -0.0 -0.0 -0.0 -0.0 -0.0 -0.0 -0.0 -0.0 -0.0 -0.0; 0.0 -3.092891532055521e-5 -0.0 0.0 -0.0 0.0 -0.0 -0.0 -0.0 -0.0 -0.0 -0.0 -0.0 -0.0 -0.0 -0.0; 0.0 -3.0912552909364755e-5 -0.0007672499360856566 0.0 -0.0 0.0 -0.0 -0.0 -0.0 -0.0 -0.0 -0.0 -0.0 -0.0 -0.0 -0.0; 0.0 -3.088896428986497e-5 -0.0007665806995688801 0.0007457795961275346 -0.0 0.0 -0.0 -0.0 -0.0 -0.0 -0.0 -0.0 -0.0 -0.0 -0.0 -0.0; 0.0 -3.0862677442440825e-5 -0.0007659280814146896 0.0007450813711856006 -0.002640379157713582 0.0 -0.0 -0.0 -0.0 -0.0 -0.0 -0.0 -0.0 -0.0 -0.0 -0.0; 0.0 -3.079537535520291e-5 -0.0007642570473882615 0.0007434537880979188 -0.0026328243082164534 0.0008930328986899061 -0.0 -0.0 -0.0 -0.0 -0.0 -0.0 -0.0 -0.0 -0.0 -0.0; 0.0 -3.0675394814702836e-5 -0.0007612781089594548 0.0007405514190471647 -0.002622551020420691 0.0008895325331120952 -0.005738906740019405 -0.0 -0.0 -0.0 -0.0 -0.0 -0.0 -0.0 -0.0 -0.0; 0.0 -3.046960026037788e-5 -0.0007561685374733524 0.0007355732126710781 -0.0026049299507999507 0.000883527475529106 -0.005692794428891343 -0.0004502410842943127 -0.0 -0.0 -0.0 -0.0 -0.0 -0.0 -0.0 -0.0; 0.0 -3.018563176631108e-5 -0.000749118026566199 0.000728704032672155 -0.0025806153012608484 0.000875234819769583 -0.005639267152113773 -0.00044595335114481745 -0.010996978335132657 -0.0 -0.0 -0.0 -0.0 -0.0 -0.0 -0.0; 0.0 -2.9756127083071413e-5 -0.0007384540770498152 0.0007183144934374965 -0.002543839230514817 0.0008626927294547729 -0.005558309397002991 -0.0004394680829925617 -0.010809141548093096 -0.003981133134030746 -0.0 -0.0 -0.0 -0.0 -0.0 -0.0; 0.0 -2.921757995209315e-5 -0.0007250827799992049 0.0007052875303947317 -0.0024977265328735903 0.0008469675497422808 -0.005456802972770261 -0.0004313293914414469 -0.010607411552140766 -0.0039047768947300674 -0.0186684699301821 -0.0 -0.0 -0.0 -0.0 -0.0; 0.0 -2.85197539892101e-5 -0.0007077568533636155 0.0006884082169004506 -0.0024379758152565517 0.0008265934164917849 -0.005325283445829235 -0.0004207863536139796 -0.010346090093332653 -0.003805906527993771 -0.018117254434723246 -0.009686074637579124 -0.0 -0.0 -0.0 -0.0; 0.0 -2.7720915668915534e-5 -0.0006879229757554976 0.0006690862481629321 -0.0023695761705348913 0.0008032728192406827 -0.005174737975925715 -0.00040872118704456 -0.010047047840462621 -0.003692658596455455 -0.0175671658967579 -0.00937739514923452 -0.028762503188234485 -0.0 -0.0 -0.0; 0.0 -2.6806727367861123e-5 -0.0006652251813235125 0.0006469751779327117 -0.002291300042175343 0.0007765886092834786 -0.005002470674817613 -0.0003949194006588269 -0.00970497062017332 -0.003563190556486755 -0.016938425510809874 -0.009025063022692348 -0.027492969797927317 -0.01740757936369853 -0.0 -0.0; 0.0 -2.584099058945862e-5 -0.0006412475719821647 0.0006236185125296794 -0.0022086104396258927 0.0007484045844432954 -0.004820510629491525 -0.0003803464074219584 -0.009343789437958024 -0.003426590037521772 -0.016275224886486438 -0.00865318475707253 -0.026315636373751655 -0.016603970987306434 -0.04185454463126947 -0.0; 0.0 -2.4851158421793895e-5 -0.0006166717744058401 0.000599680522853365 -0.0021238580664537997 0.0007195231935056065 -0.00463403589873757 -0.00036541830869226473 -0.008973819816984283 -0.0032867839101909033 -0.015596669533456299 -0.008273261378482596 -0.025113744839412033 -0.015788818615565976 -0.038115740811394995 -0.012418850905393113]\n",
